46.44	63.68
46.47	64.96
46.49	66.62
46.52	63.68
46.55	64.54
46.57	66.39
46.60	65.34
46.62	63.95
46.65	68.04
46.68	60.08
46.70	63.08
46.73	64.30
46.76	67.36
46.78	65.16
46.81	65.97
46.83	63.13
46.86	64.75
46.89	72.34
46.91	64.19
46.94	63.08
46.96	62.16
46.99	72.34
47.02	67.36
47.04	69.36
47.07	66.51
47.09	70.29
47.12	68.04
47.15	70.17
47.17	59.63
47.20	63.95
47.23	68.03
47.25	65.82
47.28	68.72
47.30	68.05
47.33	67.41
47.36	71.35
47.38	63.38
47.41	66.09
47.43	66.51
47.46	66.62
47.49	68.72
47.51	62.52
47.54	72.10
47.57	65.50
47.59	68.04
47.62	65.82
47.64	67.31
47.67	66.62
47.70	67.36
47.72	63.95
47.75	63.95
47.77	61.60
47.80	63.08
47.83	59.59
47.85	66.71
47.88	65.34
47.90	64.19
47.93	63.08
47.96	68.75
47.98	58.67
48.01	62.52
48.04	65.34
48.06	59.59
48.09	65.34
48.11	71.76
48.14	63.65
48.17	67.41
48.19	61.60
48.22	65.16
48.24	63.08
48.27	67.31
48.30	62.75
48.32	60.56
48.35	68.75
48.38	69.43
48.40	64.54
48.43	66.71
48.45	63.08
48.48	59.59
48.51	64.19
48.53	68.04
48.56	62.52
48.58	61.99
48.61	68.05
48.64	62.52
48.66	64.30
48.69	64.30
48.71	60.56
48.74	67.36
48.77	59.12
48.79	63.95
48.82	66.09
48.85	66.62
48.87	68.72
48.90	67.41
48.92	68.79
48.95	62.52
48.98	68.03
49.00	63.65
49.03	65.34
49.05	66.62
49.08	58.08
49.11	66.71
49.13	67.41
49.16	63.38
49.19	65.97
49.21	61.16
49.24	68.03
49.26	63.08
49.29	68.04
49.32	65.34
49.34	65.97
49.37	61.60
49.39	61.07
49.42	62.33
49.45	62.16
49.47	63.38
49.50	71.13
49.53	65.97
49.55	65.16
49.58	62.33
49.60	66.71
49.63	66.51
49.66	62.52
49.68	63.95
49.71	62.84
49.73	68.04
49.76	68.05
49.79	65.16
49.81	57.84
49.84	71.54
49.87	63.68
49.89	64.03
49.92	62.75
49.94	62.16
49.97	60.56
50.00	71.76
50.02	64.54
50.05	66.71
50.07	67.36
50.10	67.36
50.13	61.16
50.15	68.72
50.18	64.96
50.21	70.05
50.23	61.99
50.26	68.03
50.28	61.48
50.31	61.07
50.34	66.62
50.36	64.75
50.39	62.52
50.41	70.44
50.44	65.82
50.47	66.79
50.49	63.68
50.52	68.03
50.55	62.52
50.57	67.31
50.60	68.75
50.62	64.54
50.65	63.68
50.68	62.52
50.70	69.43
50.73	61.75
50.75	60.61
50.78	68.72
50.81	63.38
50.83	67.36
50.86	70.17
50.89	70.29
50.91	63.38
50.94	61.60
50.96	64.54
50.99	65.16
51.02	68.04
51.04	67.36
51.07	61.99
51.09	66.62
51.12	65.97
51.15	63.68
51.17	66.39
51.20	68.04
51.23	66.79
51.25	64.54
51.28	64.30
51.30	63.68
51.33	66.71
51.36	71.54
51.38	69.36
51.41	68.72
51.43	69.36
51.46	64.54
51.49	63.08
51.51	58.67
51.54	66.62
51.57	65.16
51.59	67.41
51.62	66.62
51.64	67.31
51.67	65.50
51.70	66.62
51.72	61.16
51.75	64.75
51.77	61.07
51.80	62.52
51.83	63.95
51.85	72.10
51.88	65.97
51.91	65.82
51.93	68.05
51.96	70.78
51.98	68.72
52.01	63.68
52.04	63.38
52.06	63.38
52.09	63.95
52.11	64.54
52.14	61.07
52.17	59.63
52.19	60.56
52.22	62.84
52.25	61.60
52.27	66.62
52.30	61.07
52.32	63.95
52.35	63.68
52.38	67.41
52.40	68.79
52.43	66.51
52.45	66.71
52.48	62.75
52.51	67.36
52.53	68.05
52.56	65.97
52.59	63.95
52.61	65.16
52.64	68.04
52.66	62.84
52.69	63.08
52.72	62.75
52.74	63.95
52.77	67.36
52.80	64.75
52.82	68.04
52.85	63.95
52.87	62.75
52.90	60.56
52.93	64.03
52.95	67.36
52.98	65.34
53.00	62.16
53.03	61.99
53.06	68.75
53.08	64.75
53.11	65.97
53.14	69.43
53.16	67.31
53.19	65.16
53.21	63.08
53.24	63.95
53.27	63.95
53.29	61.48
53.32	63.08
53.34	64.19
53.37	62.33
53.40	64.75
53.42	61.48
53.45	61.60
53.48	61.07
53.50	65.16
53.53	66.09
53.55	64.54
53.58	66.62
53.61	66.09
53.63	67.31
53.66	68.72
53.68	67.31
53.71	69.43
53.74	59.59
53.76	64.54
53.79	68.79
53.82	68.04
53.84	70.78
53.87	61.60
53.89	67.36
53.92	61.48
53.95	67.36
53.97	64.54
54.00	69.43
54.03	65.82
54.05	62.52
54.08	64.54
54.10	65.82
54.13	62.52
54.16	68.69
54.18	73.70
54.21	65.82
54.23	64.54
54.26	61.07
54.29	64.75
54.31	63.95
54.34	63.08
54.37	65.82
54.39	63.08
54.42	61.60
54.44	63.08
54.47	68.72
54.50	62.52
54.52	67.36
54.55	65.82
54.57	58.67
54.60	72.88
54.63	71.76
54.65	62.84
54.68	69.43
54.71	65.82
54.73	68.75
54.76	72.10
54.78	71.54
54.81	65.97
54.84	68.69
54.86	67.41
54.89	63.95
54.91	63.38
54.94	64.19
54.97	65.50
54.99	65.97
55.02	60.08
55.05	65.34
55.07	66.39
55.10	60.61
55.12	63.08
55.15	68.69
55.18	62.52
55.20	65.97
55.23	66.79
55.25	65.82
55.28	59.54
55.31	69.50
55.33	68.72
55.36	59.59
55.38	67.36
55.41	66.09
55.44	64.30
55.46	64.75
55.49	65.16
55.52	58.54
55.54	65.34
55.57	64.30
55.59	65.97
55.62	66.09
55.65	61.07
55.67	66.71
55.70	63.65
55.72	64.75
55.75	64.30
55.78	62.16
55.80	72.10
55.83	68.72
55.86	68.69
55.88	62.16
55.91	57.42
55.93	62.52
55.96	66.39
55.99	65.34
56.01	65.82
56.04	69.43
56.06	70.29
56.09	67.31
56.12	68.03
56.14	61.48
56.17	59.59
56.20	68.04
56.22	65.82
56.25	61.07
56.27	65.97
56.30	65.50
56.33	60.99
56.35	66.09
56.38	65.97
56.40	63.68
56.43	60.61
56.46	68.72
56.48	60.61
56.51	65.16
56.54	63.08
56.56	64.75
56.59	64.03
56.61	67.41
56.64	62.75
56.67	62.36
56.69	68.03
56.72	68.75
56.74	68.72
56.77	63.38
56.80	66.62
56.82	61.16
56.85	68.72
56.88	63.38
56.90	61.84
56.93	68.75
56.95	63.38
56.98	65.97
57.01	69.36
57.03	70.05
57.06	68.05
57.08	62.75
57.11	70.17
57.14	65.82
57.16	65.16
57.19	61.48
57.22	66.71
57.24	67.41
57.27	68.02
57.29	70.29
57.32	60.56
57.35	68.72
57.37	65.97
57.40	68.72
57.42	68.05
57.45	68.75
57.48	64.94
57.50	70.78
57.53	61.60
57.56	63.95
57.58	62.52
57.61	63.38
57.63	61.60
57.66	67.24
57.69	61.16
57.71	65.16
57.74	64.03
57.76	65.34
57.79	63.08
57.82	63.95
57.84	73.70
57.87	63.38
57.89	70.94
57.92	63.08
57.95	60.56
57.97	63.95
58.00	69.43
58.03	64.75
58.05	63.95
58.08	63.68
58.10	63.68
58.13	69.50
58.16	67.36
58.18	64.19
58.21	62.52
58.23	72.34
58.26	70.78
58.29	61.07
58.31	63.95
58.34	63.38
58.37	67.31
58.39	66.71
58.42	65.34
58.44	65.82
58.47	66.21
58.50	59.54
58.52	65.16
58.55	65.34
58.57	68.04
58.60	64.54
58.63	63.72
58.65	63.68
58.68	68.03
58.71	65.34
58.73	68.04
58.76	61.48
58.78	63.95
58.81	70.05
58.84	66.09
58.86	61.60
58.89	68.72
58.91	70.78
58.94	63.08
58.97	62.52
58.99	63.68
59.02	68.06
59.05	63.95
59.07	66.62
59.10	65.16
59.12	71.13
59.15	66.62
59.18	65.16
59.20	59.03
59.23	66.62
59.25	65.82
59.28	65.16
59.31	64.96
59.33	65.34
59.36	63.08
59.39	67.31
59.41	61.75
59.44	70.29
59.46	65.82
59.49	67.36
59.52	67.36
59.54	62.84
59.57	67.36
59.59	63.38
59.62	62.16
59.65	65.97
59.67	58.67
59.70	64.54
59.73	64.54
59.75	58.08
59.78	64.54
59.80	69.36
59.83	67.41
59.86	65.16
59.88	70.05
59.91	63.95
59.93	62.75
59.96	69.43
59.99	64.54
60.01	68.72
60.04	65.82
60.06	66.71
60.09	69.30
60.12	64.54
60.14	62.84
60.17	65.97
60.20	65.82
60.22	62.75
60.25	61.60
60.27	61.48
60.30	62.75
60.33	66.71
60.35	66.71
60.38	64.96
60.40	68.05
60.43	68.05
60.46	63.08
60.48	71.76
60.51	65.97
60.54	65.97
60.56	64.96
60.59	65.97
60.61	67.36
60.64	67.24
60.67	69.59
60.69	67.36
60.72	64.96
60.74	60.61
60.77	61.99
60.80	61.60
60.82	65.82
60.85	63.95
60.88	66.62
60.90	65.97
60.93	65.34
60.95	63.08
60.98	68.72
61.01	68.69
61.03	65.34
61.06	63.08
61.08	65.82
61.11	70.94
61.14	63.08
61.16	65.34
61.19	62.16
61.22	66.71
61.24	70.51
61.27	62.52
61.29	68.72
61.32	64.96
61.35	64.75
61.37	67.31
61.40	68.79
61.42	64.75
61.45	64.19
61.48	63.95
61.50	64.94
61.53	61.07
61.56	64.75
61.58	66.79
61.61	63.38
61.63	68.72
61.66	63.95
61.69	67.41
61.71	68.72
61.74	65.97
61.76	63.38
61.79	61.99
61.82	65.34
61.84	62.52
61.87	60.56
61.90	59.12
61.92	66.62
61.95	65.97
61.97	66.09
62.00	70.94
62.03	70.78
62.05	66.71
62.08	66.62
62.10	67.41
62.13	66.71
62.16	64.96
62.18	63.68
62.21	61.07
62.24	66.62
62.26	68.02
62.29	61.99
62.31	64.19
62.34	62.52
62.37	62.16
62.39	62.52
62.42	59.12
62.44	61.07
62.47	62.52
62.50	62.52
62.52	63.08
62.55	66.62
62.58	66.71
62.60	63.38
62.63	66.62
62.65	61.99
62.68	67.36
62.71	67.31
62.73	66.09
62.76	66.71
62.78	58.08
62.81	65.97
62.84	63.08
62.86	65.50
62.89	68.75
62.92	68.75
62.94	61.60
62.97	65.16
62.99	70.29
63.02	65.34
63.05	68.04
63.07	59.12
63.10	65.97
63.12	64.54
63.15	70.29
63.18	61.48
63.20	67.31
63.23	63.08
63.26	60.08
63.28	67.36
63.31	61.48
63.33	59.54
63.36	66.71
63.39	68.03
63.41	64.30
63.44	63.08
63.46	63.38
63.49	66.71
63.52	65.34
63.54	66.79
63.57	63.38
63.59	65.16
63.62	62.16
63.65	65.97
63.67	70.94
63.70	66.09
63.73	68.04
63.75	63.95
63.78	64.19
63.80	62.52
63.83	63.08
63.86	66.71
63.88	67.31
63.91	69.43
63.93	68.69
63.96	71.54
63.99	63.95
64.01	69.50
64.04	65.16
64.07	62.33
64.09	63.95
64.12	70.05
64.14	65.82
64.17	61.07
64.20	64.94
64.22	64.96
64.25	65.97
64.27	63.68
64.30	66.71
64.33	64.19
64.35	66.71
64.38	61.60
64.41	65.97
64.43	70.78
64.46	63.68
64.48	65.34
64.51	68.05
64.54	70.29
64.56	67.36
64.59	69.43
64.61	61.60
64.64	64.54
64.67	65.66
64.69	70.17
64.72	63.38
64.75	62.84
64.77	62.33
64.80	70.94
64.82	67.36
64.85	65.82
64.88	66.51
64.90	67.36
64.93	66.62
64.95	65.97
64.98	62.36
65.01	64.19
65.03	64.75
65.06	68.05
65.09	65.34
65.11	67.31
65.14	66.09
65.16	66.09
65.19	63.38
65.22	63.38
65.24	61.60
65.27	62.75
65.29	65.97
65.32	64.03
65.35	65.97
65.37	66.51
65.40	61.60
65.43	63.68
65.45	62.75
65.48	62.52
65.50	59.12
65.53	66.62
65.56	65.97
65.58	66.09
65.61	66.09
65.63	65.82
65.66	68.75
65.69	63.38
65.71	62.33
65.74	62.52
65.77	63.95
65.79	66.51
65.82	62.75
65.84	67.31
65.87	68.72
65.90	64.96
65.92	68.04
65.95	64.54
65.97	69.50
66.00	60.08
66.03	64.75
66.05	66.51
66.08	64.54
66.11	68.72
66.13	64.54
66.16	64.94
66.18	63.95
66.21	62.75
66.24	66.71
66.26	66.62
66.29	67.31
66.31	63.65
66.34	65.34
66.37	65.82
66.39	68.75
66.42	62.75
66.44	69.36
66.47	63.38
66.50	64.54
66.52	63.72
66.55	65.97
66.58	67.41
66.60	61.60
66.63	71.76
66.65	70.05
66.68	67.31
66.71	63.38
66.73	64.75
66.76	67.31
66.78	61.48
66.81	67.31
66.84	61.60
66.86	60.56
66.89	72.10
66.92	62.52
66.94	60.61
66.97	70.94
66.99	62.52
67.02	68.02
67.05	68.72
67.07	65.16
67.10	61.16
67.12	58.39
67.15	64.75
67.18	59.59
67.20	63.95
67.23	72.34
67.26	63.68
67.28	70.78
67.31	65.16
67.33	66.62
67.36	65.82
67.39	63.38
67.41	69.43
67.44	65.97
67.46	65.50
67.49	68.02
67.52	61.27
67.54	70.78
67.57	68.04
67.60	68.75
67.62	63.95
67.65	58.08
67.67	65.82
67.70	65.34
67.73	64.30
67.75	68.04
67.78	66.51
67.80	60.99
67.83	67.41
67.86	65.47
67.88	68.06
67.91	64.30
67.94	70.17
67.96	63.08
67.99	65.16
68.01	65.82
68.04	64.30
68.07	68.04
68.09	69.59
68.12	68.05
68.14	61.60
68.17	66.62
68.20	65.82
68.22	63.95
68.25	67.31
68.28	68.05
68.30	64.03
68.33	59.59
68.35	67.36
68.38	70.94
68.41	63.37
68.43	61.60
68.46	70.94
68.48	66.71
68.51	59.59
68.54	65.50
68.56	65.16
68.59	60.99
68.62	63.38
68.64	61.07
68.67	61.60
68.69	64.54
68.72	65.16
68.75	64.54
68.77	69.43
68.80	64.75
68.82	63.38
68.85	64.30
68.88	68.75
68.90	65.82
68.93	66.09
68.96	61.48
68.98	62.84
69.01	64.75
69.03	61.60
69.06	65.97
69.09	64.19
69.11	65.97
69.14	69.30
69.16	65.34
69.19	61.07
69.22	65.16
69.24	71.54
69.27	70.17
69.29	66.62
69.32	64.54
69.35	67.36
69.37	64.54
69.40	69.43
69.43	61.60
69.45	65.34
69.48	66.62
69.50	69.50
69.53	63.95
69.56	65.82
69.58	56.98
69.61	71.54
69.63	66.62
69.66	66.51
69.69	66.71
69.71	68.04
69.74	71.76
69.77	66.71
69.79	64.54
69.82	66.09
69.84	64.30
69.87	61.07
69.90	68.75
69.92	70.05
69.95	69.43
69.97	59.12
70.00	63.95
70.03	58.08
70.05	62.84
70.08	67.36
70.11	65.82
70.13	68.72
70.16	66.62
70.18	63.38
70.21	64.75
70.24	70.17
70.26	64.54
70.29	60.08
70.31	62.84
70.34	65.82
70.37	65.16
70.39	64.75
70.42	72.34
70.45	62.75
70.47	65.16
70.50	65.34
70.52	62.75
70.55	62.33
70.58	70.63
70.60	66.62
70.63	60.08
70.65	65.16
70.68	68.75
70.71	59.12
70.73	62.16
70.76	64.54
70.79	67.24
70.81	66.09
70.84	61.99
70.86	65.16
70.89	62.16
70.92	64.75
70.94	64.94
70.97	65.34
70.99	63.68
71.02	70.63
71.05	61.99
71.07	65.97
71.10	67.36
71.13	63.68
71.15	70.29
71.18	63.65
71.20	69.50
71.23	66.62
71.26	69.43
71.28	67.36
71.31	67.36
71.33	66.51
71.36	62.84
71.39	61.07
71.41	71.35
71.44	65.50
71.47	65.97
71.49	65.82
71.52	68.03
71.54	65.34
71.57	64.54
71.60	65.82
71.62	65.34
71.65	65.82
71.67	62.84
71.70	61.99
71.73	65.97
71.75	65.97
71.78	63.38
71.81	65.34
71.83	58.67
71.86	68.72
71.88	63.68
71.91	61.60
71.94	68.72
71.96	63.38
71.99	63.65
72.01	66.71
72.04	63.95
72.07	67.31
72.09	68.69
72.12	66.09
72.15	68.67
72.17	62.52
72.20	69.50
72.22	70.05
72.25	64.94
72.28	64.54
72.30	65.16
72.33	67.36
72.35	66.71
72.38	65.97
72.41	59.59
72.43	61.75
72.46	63.38
72.49	63.95
72.51	63.38
72.54	58.08
72.56	63.95
72.59	65.34
72.62	66.51
72.64	66.09
72.67	61.48
72.69	65.16
72.72	56.98
72.75	65.34
72.77	64.19
72.80	65.82
72.83	64.30
72.85	64.30
72.88	68.06
72.90	67.31
72.93	65.50
72.96	65.97
72.98	64.75
73.01	62.16
73.03	64.54
73.06	65.16
73.09	66.51
73.11	61.07
73.14	65.97
73.16	67.36
73.19	62.75
73.22	61.60
73.24	68.04
73.27	71.54
73.30	65.16
73.32	64.54
73.35	63.08
73.37	59.59
73.40	68.75
73.43	67.41
73.45	66.71
73.48	69.36
73.50	60.56
73.53	66.62
73.56	64.94
73.58	64.30
73.61	66.51
73.64	63.68
73.66	64.54
73.69	67.31
73.71	64.19
73.74	64.75
73.77	65.97
73.79	65.16
73.82	64.54
73.84	58.67
73.87	67.36
73.90	66.79
73.92	66.51
73.95	63.95
73.98	67.36
74.00	69.50
74.03	68.72
74.05	64.03
74.08	67.31
74.11	63.68
74.13	69.50
74.16	63.08
74.18	69.95
74.21	62.52
74.24	68.72
74.26	68.03
74.29	68.75
74.32	65.97
74.34	67.31
74.37	63.95
74.39	64.54
74.42	70.17
74.45	66.62
74.47	60.61
74.50	64.19
74.52	63.38
74.55	71.18
74.58	64.54
74.60	60.56
74.63	63.08
74.66	61.60
74.68	64.54
74.71	65.16
74.73	65.34
74.76	61.07
74.79	63.95
74.81	60.53
74.84	63.38
74.86	70.29
74.89	61.07
74.92	67.31
74.94	66.21
74.97	64.75
75.00	66.71
75.02	64.30
75.05	70.05
75.07	65.97
75.10	61.16
75.13	63.38
75.15	62.16
75.18	60.08
75.20	65.97
75.23	67.41
75.26	65.97
75.28	67.31
75.31	67.31
75.34	61.99
75.36	61.37
75.39	68.75
75.41	72.61
75.44	63.38
75.47	60.66
75.49	64.54
75.52	68.75
75.54	60.99
75.57	65.97
75.60	70.94
75.62	62.33
75.65	66.51
75.68	61.60
75.70	68.03
75.73	62.52
75.75	66.62
75.78	65.97
75.81	63.68
75.83	66.51
75.86	71.13
75.88	66.62
75.91	65.16
75.94	67.36
75.96	68.72
75.99	61.07
76.02	62.84
76.04	68.05
76.07	66.51
76.09	63.08
76.12	61.07
76.15	64.75
76.17	60.56
76.20	70.94
76.22	68.75
76.25	63.95
76.28	62.52
76.30	67.36
76.33	60.61
76.35	63.68
76.38	65.16
76.41	61.99
76.43	66.71
76.46	63.95
76.49	63.08
76.51	68.75
76.54	65.97
76.56	62.52
76.59	66.71
76.62	65.50
76.64	61.48
76.67	63.37
76.69	56.22
76.72	67.31
76.75	68.03
76.77	70.94
76.80	65.97
76.83	64.03
76.85	64.75
76.88	63.38
76.90	66.62
76.93	65.97
76.96	66.62
76.98	61.60
77.01	61.60
77.03	68.04
77.06	65.16
77.09	65.82
77.11	67.36
77.14	68.72
77.17	65.97
77.19	62.52
77.22	68.03
77.24	66.51
77.27	60.61
77.30	67.31
77.32	65.34
77.35	63.65
77.37	65.82
77.40	67.24
77.43	64.19
77.45	68.72
77.48	65.34
77.51	66.51
77.53	68.04
77.56	63.38
77.58	66.71
77.61	66.71
77.64	64.75
77.66	67.36
77.69	60.61
77.71	67.41
77.74	62.52
77.77	67.41
77.79	65.34
77.82	67.41
77.85	63.95
77.87	66.62
77.90	63.08
77.92	64.54
77.95	65.50
77.98	66.62
78.00	66.62
78.03	64.54
78.05	66.62
78.08	66.09
78.11	68.79
78.13	61.99
78.16	66.21
78.19	62.16
78.21	65.34
78.24	63.37
78.26	66.62
78.29	61.07
78.32	63.08
78.34	62.52
78.37	68.75
78.39	65.97
78.42	68.03
78.45	63.38
78.47	68.75
78.50	65.97
78.53	64.54
78.55	64.75
78.58	61.99
78.60	68.04
78.63	62.84
78.66	65.97
78.68	58.67
78.71	64.96
78.73	65.97
78.76	64.54
78.79	64.75
78.81	65.82
78.84	61.07
78.87	67.31
78.89	62.52
78.92	57.65
78.94	61.99
78.97	67.24
79.00	66.09
79.02	67.31
79.05	63.38
79.07	65.97
79.10	65.97
79.13	65.97
79.15	66.71
79.18	74.18
79.20	67.36
79.23	66.51
79.26	69.59
79.28	68.75
79.31	67.31
79.34	67.31
79.36	64.75
79.39	68.75
79.41	59.59
79.44	68.75
79.47	62.33
79.49	66.51
79.52	70.17
79.54	64.54
79.57	61.84
79.60	65.82
79.62	61.07
79.65	64.75
79.68	68.04
79.70	64.19
79.73	66.71
79.75	63.37
79.78	71.35
79.81	68.72
79.83	71.13
79.86	62.16
79.88	70.51
79.91	70.63
79.94	66.71
79.96	65.82
79.99	63.08
80.02	67.36
80.04	68.04
80.07	65.16
80.09	65.66
80.12	65.82
80.15	67.31
80.17	65.97
80.20	59.63
80.22	60.56
80.25	68.75
80.28	69.43
80.30	64.94
80.33	64.19
80.36	70.94
80.38	65.97
80.41	64.54
80.43	56.98
80.46	65.50
80.49	70.94
80.51	61.99
80.54	67.31
80.56	68.72
80.59	63.02
80.62	63.95
80.64	66.71
80.67	59.12
80.70	64.54
80.72	68.05
80.75	68.05
80.77	59.63
80.80	66.62
80.83	68.03
80.85	65.82
80.88	63.95
80.90	70.17
80.93	65.34
80.96	65.34
80.98	63.08
81.01	61.48
81.04	62.16
81.06	62.52
81.09	70.05
81.11	68.67
81.14	64.96
81.17	62.52
81.19	61.60
81.22	68.05
81.24	59.03
81.27	70.29
81.30	68.04
81.32	63.68
81.35	64.54
81.38	61.99
81.40	64.96
81.43	68.03
81.45	63.95
81.48	69.50
81.51	64.54
81.53	66.71
81.56	66.62
81.58	66.09
81.61	60.56
81.64	72.10
81.66	65.82
81.69	60.56
81.72	68.03
81.74	61.60
81.77	62.84
81.79	60.56
81.82	69.50
81.85	67.31
81.87	65.66
81.90	67.36
81.92	65.50
81.95	60.08
81.98	62.52
82.00	72.34
82.03	63.95
82.05	65.97
82.08	61.60
82.11	63.95
82.13	62.84
82.16	67.31
82.19	71.76
82.21	62.52
82.24	62.64
82.26	70.17
82.29	67.36
82.32	59.12
82.34	65.16
82.37	60.08
82.39	62.84
82.42	66.71
82.45	62.16
82.47	67.31
82.50	71.76
82.53	63.08
82.55	69.43
82.58	68.03
82.60	67.31
82.63	66.79
82.66	60.56
82.68	60.08
82.71	64.30
82.73	66.21
82.76	63.08
82.79	72.34
82.81	66.51
82.84	62.52
82.87	59.12
82.89	65.66
82.92	61.48
82.94	60.56
82.97	63.68
83.00	65.97
83.02	63.08
83.05	64.54
83.07	61.99
83.10	65.82
83.13	64.30
83.15	73.38
83.18	69.36
83.21	64.54
83.23	63.95
83.26	66.62
83.28	66.62
83.31	66.71
83.34	65.16
83.36	64.54
83.39	63.37
83.41	68.72
83.44	61.07
83.47	64.94
83.49	68.69
83.52	59.59
83.55	60.56
83.57	63.38
83.60	61.99
83.62	68.04
83.65	61.07
83.68	63.08
83.70	65.82
83.73	63.08
83.75	63.68
83.78	66.71
83.81	64.96
83.83	66.62
83.86	69.24
83.89	68.05
83.91	66.62
83.94	64.54
83.96	61.84
83.99	63.68
84.02	59.03
84.04	68.69
84.07	67.36
84.09	69.50
84.12	62.33
84.15	67.24
84.17	59.54
84.20	68.04
84.23	66.62
84.25	70.78
84.28	60.61
84.30	68.75
84.33	64.54
84.36	66.71
84.38	64.19
84.41	63.95
84.43	61.48
84.46	66.71
84.49	65.97
84.51	63.08
84.54	62.16
84.57	63.08
84.59	62.75
84.62	60.61
84.64	65.97
84.67	68.72
84.70	68.72
84.72	66.62
84.75	64.94
84.77	65.97
84.80	62.52
84.83	63.95
84.85	68.05
84.88	61.99
84.91	71.18
84.93	70.17
84.96	65.16
84.98	64.75
85.01	65.82
85.04	68.72
85.06	60.08
85.09	65.82
85.11	66.71
85.14	66.62
85.17	63.95
85.19	64.75
85.22	65.97
85.24	64.94
85.27	63.68
85.30	66.62
85.32	72.93
85.35	67.36
85.38	63.95
85.40	64.54
85.43	63.38
85.45	64.96
85.48	68.05
85.51	65.34
85.53	63.95
85.56	68.72
85.58	66.71
85.61	65.82
85.64	68.72
85.66	65.16
85.69	67.31
85.72	63.68
85.74	65.16
85.77	65.50
85.79	65.97
85.82	63.08
85.85	66.71
85.87	62.75
85.90	66.71
85.92	63.95
85.95	65.34
85.98	71.54
86.00	66.62
86.03	68.75
86.06	65.82
86.08	60.56
86.11	68.03
86.13	67.36
86.16	63.38
86.19	65.97
86.21	63.38
86.24	67.31
86.26	67.36
86.29	64.30
86.32	62.75
86.34	66.09
86.37	63.68
86.40	65.66
86.42	72.88
86.45	68.02
86.47	67.36
86.50	66.39
86.53	63.08
86.55	68.75
86.58	66.09
86.60	67.31
86.63	68.03
86.66	60.66
86.68	73.85
86.71	63.95
86.74	64.54
86.76	66.09
86.79	65.34
86.81	65.16
86.84	63.95
86.87	61.60
86.89	63.13
86.92	67.41
86.94	64.30
86.97	70.05
87.00	68.79
87.02	62.84
87.05	60.99
87.08	66.71
87.10	68.04
87.13	63.38
87.15	65.82
87.18	67.36
87.21	70.78
87.23	63.08
87.26	64.54
87.28	68.04
87.31	64.30
87.34	68.03
87.36	60.56
87.39	68.79
87.42	70.63
87.44	63.08
87.47	61.60
87.49	63.08
87.52	68.75
87.55	72.10
87.57	65.82
87.60	69.50
87.62	70.05
87.65	64.54
87.68	63.38
87.70	66.71
87.73	63.95
87.76	68.04
87.78	64.54
87.81	63.37
87.83	62.64
87.86	66.71
87.89	63.08
87.91	60.99
87.94	69.50
87.96	62.16
87.99	67.36
88.02	66.09
88.04	72.88
88.07	62.16
88.09	63.38
88.12	62.52
88.15	65.34
88.17	64.54
88.20	66.09
88.23	60.56
88.25	67.36
88.28	63.95
88.30	63.68
88.33	64.54
88.36	63.95
88.38	65.97
88.41	65.82
88.43	70.17
88.46	64.96
88.49	68.04
88.51	70.63
88.54	63.95
88.57	61.99
88.59	65.50
88.62	62.84
88.64	68.05
88.67	64.30
88.70	61.99
88.72	66.09
88.75	58.54
88.77	66.62
88.80	68.75
88.83	64.30
88.85	63.08
88.88	69.43
88.91	63.08
88.93	64.54
88.96	64.54
88.98	62.52
89.01	66.62
89.04	65.50
89.06	60.08
89.09	65.34
89.11	74.18
89.14	63.08
89.17	67.36
89.19	67.31
89.22	65.16
89.25	63.95
89.27	68.04
89.30	65.16
89.32	61.48
89.35	68.72
89.38	65.34
89.40	65.97
89.43	66.62
89.45	61.07
89.48	64.54
89.51	64.54
89.53	59.54
89.56	70.17
89.59	68.04
89.61	64.30
89.64	65.34
89.66	64.40
89.69	64.54
89.72	66.62
89.74	68.72
89.77	64.96
89.79	65.11
89.82	67.36
89.85	60.08
89.87	66.71
89.90	64.30
89.93	64.73
89.95	68.02
89.98	67.36
90.00	67.41
90.03	64.54
90.06	72.34
90.08	65.97
90.11	66.71
90.13	67.41
90.16	62.52
90.19	68.83
90.21	65.34
90.24	62.52
90.27	67.41
90.29	69.36
90.32	68.04
90.34	66.62
90.37	64.30
90.40	61.60
90.42	65.16
90.45	67.31
90.47	69.43
90.50	65.97
90.53	65.16
90.55	59.59
90.58	64.96
90.61	71.76
90.63	68.03
90.66	68.72
90.68	59.19
90.71	64.30
90.74	61.99
90.76	64.94
90.79	72.61
90.81	66.62
90.84	60.08
90.87	64.54
90.89	63.08
90.92	64.03
90.95	68.75
90.97	68.75
91.00	67.24
91.02	64.96
91.05	60.08
91.08	61.16
91.10	68.04
91.13	65.16
91.15	70.17
91.18	62.84
91.21	60.08
91.23	64.96
91.26	65.66
91.28	65.34
91.31	67.36
91.34	60.99
91.36	67.41
91.39	70.05
91.42	63.95
91.44	63.38
91.47	65.50
91.49	66.62
91.52	64.19
91.55	64.94
91.57	62.16
91.60	63.95
91.62	65.97
91.65	63.95
91.68	64.54
91.70	66.71
91.73	62.52
91.76	65.97
91.78	60.08
91.81	66.51
91.83	68.75
91.86	68.72
91.89	62.33
91.91	69.43
91.94	68.05
91.96	63.65
91.99	65.97
92.02	65.82
92.04	65.97
92.07	72.88
92.10	64.75
92.12	65.66
92.15	63.38
92.17	61.48
92.20	65.50
92.23	63.38
92.25	63.08
92.28	65.97
92.30	67.36
92.33	64.54
92.36	64.54
92.38	64.54
92.41	64.75
92.44	62.16
92.46	65.16
92.49	63.65
92.51	67.36
92.54	67.36
92.57	64.96
92.59	68.06
92.62	65.97
92.64	67.41
92.67	68.04
92.70	65.82
92.72	65.16
92.75	66.71
92.78	64.54
92.80	71.54
92.83	62.16
92.85	70.78
92.88	63.65
92.91	63.95
92.93	68.04
92.96	63.08
92.98	66.51
93.01	65.97
93.04	61.99
93.06	69.43
93.09	68.03
93.12	64.75
93.14	64.19
93.17	63.08
93.19	60.99
93.22	78.12
93.25	66.71
93.27	64.75
93.30	63.68
93.32	68.05
93.35	72.34
93.38	65.34
93.40	65.16
93.43	60.61
93.46	68.05
93.48	63.38
93.51	63.68
93.53	68.72
93.56	66.71
93.59	68.75
93.61	65.82
93.64	66.71
93.66	66.79
93.69	70.78
93.72	69.43
93.74	63.95
93.77	64.54
93.80	65.97
93.82	61.07
93.85	65.34
93.87	67.36
93.90	61.16
93.93	62.16
93.95	60.08
93.98	64.19
94.00	68.79
94.03	65.82
94.06	61.99
94.08	68.83
94.11	72.88
94.14	65.50
94.16	67.24
94.19	62.84
94.21	68.04
94.24	64.73
94.27	62.75
94.29	66.71
94.32	73.38
94.34	59.59
94.37	66.62
94.40	63.38
94.42	74.18
94.45	59.59
94.48	70.17
94.50	61.60
94.53	67.31
94.55	61.99
94.58	62.75
94.61	61.07
94.63	66.71
94.66	64.73
94.68	65.97
94.71	66.71
94.74	71.76
94.76	61.48
94.79	68.75
94.81	65.16
94.84	68.03
94.87	68.75
94.89	61.07
94.92	65.16
94.95	64.30
94.97	65.97
95.00	59.19
95.02	62.16
95.05	64.54
95.08	62.84
95.10	64.54
95.13	61.99
95.15	68.72
95.18	71.54
95.21	71.54
95.23	65.97
95.26	65.34
95.29	66.71
95.31	60.08
95.34	63.38
95.36	72.10
95.39	62.33
95.42	64.19
95.44	65.97
95.47	63.68
95.49	69.43
95.52	63.08
95.55	66.09
95.57	66.09
95.60	68.75
95.63	63.95
95.65	69.36
95.68	67.24
95.70	63.68
95.73	65.82
95.76	62.75
95.78	64.94
95.81	63.95
95.83	63.65
95.86	64.54
95.89	63.95
95.91	68.72
95.94	66.71
95.97	66.71
95.99	63.65
96.02	70.78
96.04	62.16
96.07	68.72
96.10	63.08
96.12	65.34
96.15	61.48
96.17	64.03
96.20	60.56
96.23	70.05
96.25	65.16
96.28	67.41
96.31	61.48
96.33	60.56
96.36	71.54
96.38	63.68
96.41	61.60
96.44	65.34
96.46	66.51
96.49	64.75
96.51	59.03
96.54	62.33
96.57	65.16
96.59	62.52
96.62	63.95
96.65	67.31
96.67	66.62
96.70	65.97
96.72	66.09
96.75	64.54
96.78	66.09
96.80	67.36
96.83	65.97
96.85	63.08
96.88	65.16
96.91	62.16
96.93	63.68
96.96	67.41
96.99	65.97
97.01	64.54
97.04	69.59
97.06	68.69
97.09	65.50
97.12	66.51
97.14	57.89
97.17	64.19
97.19	67.41
97.22	67.36
97.25	63.68
97.27	65.82
97.30	63.38
97.33	68.03
97.35	64.75
97.38	64.54
97.40	70.17
97.43	67.31
97.46	67.31
97.48	66.09
97.51	66.62
97.53	61.07
97.56	65.97
97.59	65.97
97.61	63.08
97.64	65.97
97.66	65.50
97.69	65.97
97.72	64.94
97.74	73.38
97.77	63.68
97.80	72.34
97.82	65.16
97.85	64.75
97.87	65.50
97.90	66.71
97.93	57.89
97.95	61.75
97.98	60.56
98.00	66.62
98.03	68.69
98.06	66.71
98.08	68.75
98.11	61.07
98.14	61.60
98.16	66.09
98.19	65.97
98.21	68.04
98.24	64.30
98.27	65.50
98.29	64.75
98.32	63.68
98.34	61.99
98.37	68.05
98.40	70.94
98.42	66.62
98.45	65.16
98.48	66.62
98.50	65.82
98.53	63.65
98.55	60.61
98.58	64.75
98.61	66.62
98.63	67.36
98.66	64.30
98.68	66.62
98.71	57.65
98.74	62.16
98.76	68.02
98.79	62.52
98.82	66.62
98.84	64.19
98.87	69.36
98.89	69.30
98.92	63.37
98.95	63.37
98.97	67.24
99.00	65.16
99.02	61.48
99.05	64.19
99.08	68.72
99.10	64.75
99.13	65.97
99.16	65.82
99.18	65.16
99.21	68.67
99.23	67.36
99.26	61.84
99.29	69.43
99.31	67.24
99.34	66.71
99.36	64.75
99.39	65.50
99.42	65.34
99.44	70.05
99.47	64.30
99.50	67.36
99.52	62.16
99.55	61.07
99.57	62.52
99.60	70.17
99.63	63.95
99.65	66.71
99.68	70.94
99.70	67.31
99.73	65.16
99.76	68.72
99.78	64.75
99.81	65.16
99.84	65.97
99.86	63.68
99.89	63.08
99.91	62.75
99.94	63.08
99.97	61.48
99.99	61.07
100.02	58.67
100.04	67.31
100.07	71.35
100.10	65.16
100.12	65.34
100.15	64.96
100.18	62.16
100.20	66.62
100.23	64.30
100.25	63.08
100.28	65.50
100.31	68.79
100.33	66.62
100.36	63.08
100.38	62.75
100.41	61.07
100.44	66.71
100.46	65.82
100.49	74.56
100.52	64.96
100.54	69.36
100.57	67.36
100.59	63.95
100.62	66.79
100.65	68.03
100.67	66.71
100.70	66.51
100.73	65.50
100.75	63.95
100.78	64.75
100.80	66.71
100.83	63.95
100.86	66.39
100.88	63.08
100.91	64.94
100.93	68.05
100.96	64.19
100.99	66.71
101.01	63.68
101.04	63.68
101.07	70.17
101.09	62.52
101.12	61.16
101.14	66.71
101.17	67.31
101.20	64.30
101.22	68.72
101.25	68.72
101.28	65.97
101.30	63.68
101.33	66.51
101.35	62.52
101.38	59.59
101.41	61.60
101.43	64.54
101.46	72.34
101.49	64.30
101.51	67.36
101.54	70.29
101.56	63.08
101.59	65.16
101.62	58.67
101.64	65.82
101.67	64.54
101.69	69.50
101.72	68.79
101.75	63.08
101.77	69.36
101.80	66.39
101.83	67.36
101.85	68.04
101.88	62.52
101.90	61.60
101.93	71.54
101.96	60.08
101.98	67.36
102.01	68.03
102.04	68.72
102.06	64.54
102.09	63.08
102.11	68.03
102.14	64.54
102.17	62.75
102.19	65.97
102.22	63.38
102.24	63.95
102.27	66.62
102.30	70.05
102.32	70.78
102.35	61.99
102.38	60.08
102.40	65.50
102.43	64.54
102.45	70.17
102.48	66.51
102.51	72.61
102.53	65.34
102.56	65.97
102.59	67.41
102.61	68.69
102.64	66.62
102.66	64.75
102.69	65.97
102.72	71.18
102.74	64.75
102.77	64.54
102.79	69.36
102.82	68.72
102.85	60.99
102.87	65.97
102.90	63.38
102.93	65.34
102.95	65.97
102.98	70.94
103.00	68.69
103.03	72.88
103.06	70.78
103.08	66.71
103.11	66.21
103.14	64.30
103.16	64.30
103.19	70.51
103.21	71.76
103.24	64.75
103.27	61.07
103.29	70.17
103.32	65.82
103.34	68.05
103.37	70.78
103.40	63.68
103.42	64.75
103.45	73.18
103.48	64.54
103.50	67.41
103.53	64.75
103.55	62.16
103.58	64.75
103.61	60.61
103.63	64.96
103.66	61.99
103.69	64.30
103.71	61.07
103.74	62.33
103.76	68.05
103.79	67.45
103.82	68.04
103.84	61.99
103.87	63.68
103.89	65.50
103.92	70.29
103.95	62.52
103.97	68.03
104.00	71.35
104.03	65.82
104.05	60.08
104.08	63.08
104.10	60.61
104.13	65.50
104.16	64.54
104.18	68.75
104.21	61.60
104.24	65.16
104.26	65.50
104.29	63.68
104.31	59.59
104.34	63.08
104.37	65.97
104.39	64.54
104.42	66.79
104.44	60.08
104.47	66.51
104.50	68.04
104.52	64.54
104.55	65.50
104.58	66.71
104.60	69.50
104.63	62.52
104.65	70.94
104.68	64.75
104.71	65.82
104.73	63.68
104.76	65.16
104.79	72.61
104.81	68.72
104.84	68.05
104.86	69.43
104.89	68.75
104.92	61.99
104.94	65.16
104.97	63.08
105.00	59.54
105.02	64.54
105.05	64.54
105.07	69.43
105.10	69.50
105.13	64.54
105.15	64.75
105.18	67.31
105.20	69.50
105.23	62.33
105.26	64.75
105.28	70.17
105.31	58.24
105.34	61.16
105.36	65.34
105.39	63.68
105.41	66.62
105.44	61.16
105.47	63.38
105.49	61.60
105.52	67.36
105.55	67.24
105.57	65.82
105.60	69.43
105.62	62.52
105.65	68.04
105.68	65.34
105.70	56.16
105.73	64.75
105.75	63.38
105.78	68.03
105.81	68.72
105.83	65.97
105.86	63.38
105.89	60.61
105.91	63.95
105.94	66.79
105.96	64.75
105.99	67.31
106.02	61.99
106.04	62.16
106.07	65.97
106.10	63.68
106.12	65.34
106.15	62.52
106.17	63.95
106.20	64.54
106.23	61.99
106.25	64.19
106.28	72.34
106.30	67.31
106.33	61.16
106.36	71.54
106.38	60.08
106.41	58.08
106.44	65.34
106.46	68.75
106.49	66.71
106.51	63.38
106.54	63.68
106.57	66.09
106.59	62.84
106.62	66.71
106.65	70.05
106.67	70.78
106.70	67.31
106.72	68.03
106.75	66.09
106.78	62.52
106.80	65.16
106.83	66.09
106.85	65.34
106.88	65.34
106.91	70.17
106.93	68.69
106.96	61.84
106.99	63.38
107.01	62.52
107.04	70.05
107.06	72.34
107.09	67.36
107.12	60.08
107.14	65.97
107.17	63.38
107.20	65.16
107.22	65.16
107.25	65.97
107.27	70.78
107.30	63.08
107.33	65.97
107.35	67.31
107.38	56.98
107.40	64.19
107.43	61.16
107.46	61.60
107.48	61.84
107.51	68.75
107.54	73.18
107.56	63.37
107.59	61.99
107.61	72.88
107.64	63.38
107.67	61.99
107.69	68.72
107.72	65.34
107.75	68.04
107.77	65.82
107.80	64.54
107.82	63.68
107.85	63.38
107.88	66.62
107.90	64.75
107.93	60.08
107.96	68.03
107.98	63.13
108.01	65.97
108.03	61.60
108.06	72.88
108.09	67.31
108.11	68.04
108.14	62.52
108.16	61.48
108.19	67.36
108.22	62.52
108.24	71.13
108.27	67.36
108.30	65.34
108.32	65.16
108.35	66.62
108.37	60.08
108.40	64.54
108.43	69.50
108.45	66.51
108.48	69.43
108.51	65.66
108.53	65.97
108.56	68.79
108.58	65.16
108.61	64.46
108.64	63.65
108.66	64.75
108.69	63.95
108.71	67.41
108.74	64.19
108.77	62.84
108.79	69.43
108.82	65.16
108.85	65.34
108.87	67.36
108.90	66.09
108.92	63.38
108.95	70.05
108.98	66.09
109.00	64.54
109.03	62.16
109.06	64.54
109.08	66.71
109.11	66.62
109.13	63.08
109.16	69.36
109.19	65.50
109.21	64.75
109.24	59.12
109.26	67.31
109.29	59.12
109.32	64.19
109.34	68.04
109.37	68.05
109.40	61.99
109.42	68.75
109.45	68.04
109.47	67.31
109.50	68.69
109.53	67.36
109.55	67.31
109.58	67.36
109.61	63.95
109.63	67.24
109.66	62.75
109.68	65.82
109.71	63.08
109.74	66.62
109.76	68.69
109.79	67.36
109.81	67.36
109.84	64.54
109.87	63.68
109.89	67.31
109.92	59.59
109.95	66.71
109.97	65.97
110.00	69.36
110.02	65.50
110.05	65.97
110.08	67.36
110.10	66.62
110.13	65.82
110.16	65.82
110.18	66.62
110.21	68.06
110.23	67.36
110.26	59.12
110.29	65.16
110.31	66.62
110.34	68.75
110.36	69.43
110.39	65.34
110.42	60.56
110.44	72.61
110.47	72.34
110.50	69.43
110.52	66.62
110.55	69.43
110.57	69.43
110.60	64.30
110.63	67.36
110.65	68.79
110.68	65.34
110.71	68.72
110.73	68.79
110.76	68.72
110.78	66.62
110.81	64.75
110.84	63.08
110.86	63.95
110.89	64.96
110.92	65.97
110.94	61.48
110.97	69.43
110.99	64.30
111.02	64.75
111.05	62.16
111.07	59.59
111.10	67.36
111.12	59.54
111.15	60.56
111.18	64.54
111.20	64.54
111.23	64.54
111.26	65.16
111.28	67.36
111.31	66.51
111.33	59.66
111.36	62.75
111.39	63.08
111.41	61.48
111.44	58.67
111.47	70.17
111.49	58.67
111.52	61.07
111.54	61.60
111.57	63.68
111.60	66.62
111.62	63.38
111.65	64.54
111.67	66.62
111.70	61.60
111.73	65.50
111.75	61.60
111.78	61.99
111.81	70.05
111.83	63.08
111.86	63.68
111.88	65.16
111.91	62.75
111.94	72.10
111.96	67.31
111.99	64.75
112.02	68.04
112.04	66.71
112.07	63.38
112.09	65.97
112.12	66.71
112.15	68.05
112.17	67.31
112.20	69.50
112.22	65.16
112.25	62.75
112.28	59.12
112.30	63.95
112.33	64.54
112.36	68.04
112.38	70.63
112.41	65.82
112.43	67.24
112.46	68.03
112.49	58.67
112.51	64.30
112.54	68.03
112.57	65.65
112.59	61.60
112.62	63.37
112.64	62.52
112.67	66.51
112.70	66.62
112.72	63.65
112.75	61.99
112.77	64.54
112.80	72.10
112.83	62.84
112.85	65.82
112.88	68.72
112.91	61.48
112.93	67.36
112.96	63.38
112.98	65.97
113.01	61.60
113.04	60.99
113.06	69.36
113.09	61.60
113.12	65.16
113.14	70.17
113.17	64.54
113.19	64.19
113.22	67.31
113.25	70.78
113.27	62.16
113.30	68.04
113.32	61.07
113.35	64.75
113.38	64.54
113.40	62.52
113.43	63.95