52.98	106.30
53.00	103.56
53.03	98.08
53.05	104.25
53.08	103.46
53.11	99.86
53.13	104.91
53.16	95.93
53.19	103.56
53.21	103.64
53.24	98.81
53.26	98.81
53.29	102.23
53.32	98.08
53.34	104.08
53.37	103.56
53.40	104.25
53.42	98.07
53.45	106.95
53.47	98.89
53.50	104.91
53.53	99.68
53.55	106.30
53.58	104.91
53.60	104.15
53.63	102.82
53.66	98.99
53.68	102.05
53.71	100.17
53.74	104.90
53.76	102.95
53.79	107.36
53.81	104.92
53.84	100.94
53.87	103.46
53.89	109.51
53.92	102.95
53.95	109.79
53.97	98.51
54.00	105.56
54.02	106.30
54.05	109.78
54.08	104.90
54.10	100.44
54.13	105.62
54.16	102.05
54.18	105.59
54.21	101.48
54.23	104.90
54.26	106.38
54.29	104.20
54.31	105.59
54.34	106.95
54.36	102.95
54.39	99.68
54.42	102.82
54.44	99.86
54.47	102.82
54.50	106.30
54.52	102.82
54.55	106.23
54.57	104.25
54.60	101.48
54.63	109.78
54.65	103.56
54.68	103.46
54.71	106.30
54.73	100.44
54.76	104.20
54.78	104.92
54.81	103.56
54.84	106.30
54.86	102.23
54.89	100.44
54.91	106.95
54.94	104.92
54.97	104.89
54.99	100.99
55.02	104.92
55.05	102.68
55.07	101.68
55.10	104.91
55.12	104.15
55.15	101.48
55.18	106.30
55.20	102.82
55.23	107.90
55.26	102.68
55.28	102.05
55.31	100.44
55.33	103.56
55.36	102.82
55.39	101.85
55.41	108.94
55.44	102.23
55.46	103.56
55.49	103.46
55.52	102.23
55.54	100.40
55.57	97.12
55.60	100.94
55.62	101.48
55.65	111.23
55.67	105.66
55.70	104.91
55.73	110.08
55.75	108.73
55.78	101.62
55.81	102.68
55.83	106.30
55.86	101.48
55.88	101.48
55.91	106.30
55.94	101.48
55.96	107.57
55.99	103.46
56.01	104.92
56.04	107.90
56.07	105.66
56.09	107.57
56.12	102.68
56.15	104.89
56.17	103.64
56.20	106.30
56.22	103.46
56.25	102.05
56.28	106.23
56.30	96.69
56.33	107.07
56.36	102.95
56.38	108.35
56.41	107.57
56.43	97.65
56.46	104.25
56.49	106.95
56.51	104.91
56.54	104.91
56.56	102.23
56.59	101.17
56.62	106.30
56.64	98.81
56.67	102.82
56.70	105.66
56.72	106.30
56.75	100.94
56.77	102.39
56.80	101.25
56.83	99.23
56.85	104.91
56.88	107.07
56.91	105.59
56.93	110.05
56.96	104.90
56.98	107.21
57.01	105.59
57.04	104.91
57.06	102.51
57.09	102.95
57.11	101.25
57.14	109.18
57.17	103.56
57.19	109.78
57.22	105.59
57.25	105.59
57.27	94.69
57.30	103.56
57.32	106.38
57.35	97.20
57.38	110.67
57.40	109.18
57.43	99.36
57.45	106.38
57.48	110.56
57.51	97.58
57.53	100.17
57.56	101.48
57.59	104.90
57.61	102.05
57.64	102.82
57.66	104.25
57.69	101.68
57.72	100.40
57.74	104.90
57.77	101.85
57.80	103.46
57.82	104.90
57.85	98.89
57.87	105.59
57.90	105.62
57.93	104.91
57.95	104.91
57.98	102.05
58.00	104.25
58.03	100.94
58.06	107.07
58.08	102.05
58.11	100.17
58.14	104.20
58.16	100.17
58.19	103.72
58.21	102.68
58.24	104.15
58.27	98.99
58.29	105.59
58.32	102.23
58.35	103.56
58.37	107.57
58.40	102.82
58.42	102.05
58.45	99.23
58.48	105.59
58.50	111.76
58.53	110.34
58.55	99.68
58.58	106.30
58.61	99.36
58.63	107.73
58.66	107.73
58.69	104.91
58.71	105.62
58.74	104.93
58.76	98.51
58.79	104.20
58.82	103.64
58.84	102.95
58.87	104.20
58.90	102.82
58.92	101.48
58.95	104.90
58.97	104.25
59.00	104.91
59.03	102.05
59.05	100.69
59.08	106.30
59.10	101.85
59.13	101.25
59.16	106.85
59.18	102.23
59.21	102.82
59.24	111.88
59.26	99.36
59.29	102.68
59.31	99.86
59.34	104.90
59.37	103.56
59.39	103.64
59.42	104.92
59.45	104.91
59.47	100.17
59.50	108.56
59.52	102.82
59.55	104.25
59.58	104.15
59.60	105.62
59.63	101.48
59.65	104.25
59.68	104.90
59.71	104.20
59.73	101.48
59.76	104.90
59.79	102.82
59.81	102.05
59.84	105.62
59.86	106.30
59.89	98.51
59.92	100.69
59.94	99.86
59.97	102.05
59.99	108.94
60.02	105.59
60.05	103.35
60.07	106.23
60.10	100.69
60.13	102.95
60.15	104.20
60.18	105.62
60.20	101.48
60.23	107.07
60.26	104.90
60.28	100.40
60.31	104.25
60.34	100.17
60.36	107.73
60.39	101.48
60.41	104.89
60.44	102.95
60.47	98.07
60.49	103.46
60.52	105.62
60.54	105.66
60.57	103.56
60.60	106.95
60.62	104.20
60.65	107.57
60.68	100.17
60.70	104.20
60.73	101.48
60.75	104.90
60.78	102.05
60.81	102.68
60.83	93.78
60.86	104.92
60.89	104.25
60.91	104.15
60.94	105.66
60.96	103.46
60.99	98.89
61.02	104.30
61.04	102.39
61.07	105.59
61.09	104.25
61.12	100.69
61.15	99.86
61.17	104.92
61.20	103.46
61.23	98.51
61.25	104.90
61.28	99.97
61.30	100.94
61.33	104.20
61.36	102.95
61.38	98.07
61.41	102.68
61.44	106.30
61.46	102.68
61.49	102.05
61.51	104.91
61.54	102.82
61.57	101.68
61.59	105.62
61.62	103.46
61.64	106.38
61.67	103.64
61.70	104.92
61.72	107.73
61.75	98.99
61.78	100.94
61.80	106.95
61.83	101.68
61.85	100.44
61.88	102.82
61.91	105.62
61.93	100.69
61.96	102.82
61.99	104.88
62.01	100.69
62.04	95.93
62.06	104.20
62.09	104.25
62.12	101.85
62.14	104.90
62.17	105.59
62.19	103.56
62.22	105.59
62.25	95.35
62.27	109.78
62.30	104.25
62.33	96.81
62.35	104.34
62.38	109.18
62.40	98.07
62.43	106.30
62.46	104.91
62.48	99.36
62.51	102.68
62.53	101.25
62.56	104.20
62.59	107.57
62.61	107.07
62.64	105.59
62.67	96.81
62.69	107.07
62.72	103.64
62.74	102.23
62.77	102.23
62.80	106.23
62.82	110.08
62.85	96.30
62.88	104.91
62.90	103.56
62.93	102.95
62.95	102.23
62.98	101.68
63.01	105.59
63.03	106.30
63.06	102.23
63.08	102.23
63.11	104.90
63.14	107.44
63.16	107.73
63.19	100.69
63.22	102.82
63.24	102.05
63.27	101.68
63.29	100.94
63.32	103.56
63.35	98.99
63.37	106.95
63.40	98.89
63.43	104.91
63.45	104.91
63.48	99.36
63.50	106.38
63.53	106.30
63.56	104.90
63.58	107.32
63.61	101.85
63.63	105.56
63.66	100.17
63.69	102.82
63.71	102.82
63.74	104.15
63.77	102.05
63.79	100.69
63.82	103.56
63.84	103.56
63.87	105.59
63.90	108.17
63.92	106.30
63.95	102.82
63.98	105.59
64.00	99.86
64.03	102.23
64.05	100.40
64.08	101.48
64.11	106.38
64.13	104.20
64.16	101.68
64.18	105.62
64.21	106.38
64.24	105.59
64.26	102.23
64.29	104.25
64.32	109.78
64.34	101.68
64.37	103.56
64.39	107.57
64.42	107.21
64.45	104.15
64.47	104.25
64.50	106.95
64.53	105.59
64.55	107.07
64.58	105.59
64.60	101.25
64.63	104.25
64.66	101.85
64.68	102.68
64.71	102.82
64.73	96.30
64.76	104.90
64.79	99.36
64.81	104.15
64.84	102.82
64.87	102.23
64.89	108.35
64.92	102.95
64.94	104.91
64.97	105.62
65.00	99.68
65.02	104.20
65.05	102.23
65.08	102.82
65.10	103.56
65.13	106.95
65.15	100.94
65.18	104.91
65.21	102.82
65.23	105.59
65.26	101.25
65.28	101.48
65.31	104.20
65.34	100.94
65.36	102.23
65.39	101.48
65.42	106.95
65.44	101.85
65.47	109.18
65.49	104.91
65.52	101.85
65.55	107.07
65.57	102.82
65.60	102.23
65.63	101.48
65.65	104.91
65.68	103.46
65.70	104.20
65.73	106.38
65.76	103.56
65.78	102.23
65.81	105.59
65.83	104.20
65.86	105.62
65.89	103.46
65.91	99.36
65.94	101.48
65.97	102.51
65.99	102.68
66.02	100.69
66.04	102.23
66.07	99.36
66.10	101.25
66.12	102.82
66.15	102.39
66.18	104.90
66.20	95.28
66.23	102.68
66.25	102.23
66.28	108.17
66.31	99.51
66.33	101.85
66.36	101.48
66.38	104.20
66.41	107.90
66.44	98.57
66.46	102.05
66.49	100.40
66.52	104.25
66.54	105.62
66.57	102.23
66.59	102.05
66.62	98.51
66.65	106.95
66.67	100.94
66.70	108.56
66.73	104.15
66.75	102.05
66.78	102.68
66.80	99.86
66.83	103.46
66.86	104.91
66.88	109.18
66.91	105.59
66.93	103.56
66.96	100.69
66.99	102.05
67.01	101.25
67.04	104.25
67.07	104.25
67.09	107.57
67.12	105.59
67.14	101.85
67.17	104.20
67.20	101.85
67.22	99.86
67.25	105.56
67.28	101.68
67.30	109.51
67.33	97.20
67.35	106.95
67.38	101.48
67.41	107.07
67.43	108.35
67.46	104.20
67.48	104.20
67.51	98.99
67.54	99.86
67.56	102.82
67.59	107.44
67.62	105.62
67.64	101.48
67.67	104.20
67.69	106.95
67.72	104.20
67.75	107.73
67.77	104.91
67.80	100.17
67.83	103.64
67.85	103.35
67.88	102.05
67.90	104.91
67.93	103.56
67.96	104.20
67.98	103.46
68.01	104.91
68.03	105.70
68.06	105.59
68.09	107.57
68.11	99.36
68.14	105.62
68.17	105.59
68.19	102.68
68.22	106.95
68.24	101.48
68.27	100.94
68.30	104.91
68.32	105.59
68.35	102.82
68.38	102.82
68.40	102.95
68.43	102.95
68.45	102.68
68.48	102.39
68.51	104.20
68.53	105.62
68.56	106.30
68.58	104.25
68.61	100.17
68.64	101.25
68.66	107.73
68.69	103.46
68.72	101.25
68.74	97.12
68.77	110.34
68.79	106.30
68.82	102.05
68.85	103.46
68.87	104.91
68.90	101.68
68.93	104.30
68.95	106.30
68.98	104.90
69.00	109.45
69.03	104.91
69.06	104.90
69.08	108.94
69.11	102.82
69.13	105.62
69.16	100.69
69.19	106.23
69.21	108.35
69.24	105.66
69.27	104.15
69.29	104.91
69.32	104.25
69.34	102.23
69.37	100.94
69.40	104.90
69.42	106.95
69.45	98.51
69.48	102.82
69.50	98.51
69.53	104.20
69.55	106.38
69.58	103.56
69.61	100.44
69.63	103.07
69.66	107.90
69.68	103.46
69.71	103.46
69.74	103.56
69.76	101.48
69.79	98.51
69.82	104.25
69.84	103.64
69.87	101.48
69.89	107.57
69.92	102.82
69.95	105.66
69.97	103.56
70.00	103.56
70.03	101.25
70.05	100.44
70.08	102.05
70.10	102.68
70.13	109.78
70.16	107.57
70.18	104.91
70.21	106.30
70.23	101.68
70.26	100.69
70.29	105.66
70.31	105.59
70.34	102.95
70.37	104.92
70.39	107.21
70.42	104.25
70.44	100.44
70.47	103.64
70.50	111.39
70.52	106.17
70.55	104.91
70.58	100.44
70.60	98.99
70.63	102.95
70.65	108.35
70.68	102.95
70.71	100.69
70.73	99.36
70.76	106.85
70.78	107.07
70.81	107.21
70.84	101.48
70.86	104.15
70.89	102.05
70.92	103.56
70.94	103.46
70.97	103.64
70.99	102.05
71.02	102.82
71.05	105.59
71.07	96.69
71.10	101.48
71.13	106.23
71.15	102.05
71.18	104.89
71.20	104.20
71.23	105.59
71.26	103.56
71.28	103.64
71.31	102.68
71.33	99.86
71.36	102.82
71.39	103.56
71.41	104.20
71.44	106.38
71.47	98.51
71.49	104.91
71.52	102.05
71.54	102.95
71.57	108.80
71.60	105.59
71.62	101.85
71.65	101.48
71.68	107.21
71.70	99.36
71.73	108.17
71.75	99.36
71.78	101.85
71.81	99.86
71.83	107.73
71.86	102.68
71.88	104.91
71.91	103.46
71.94	100.94
71.96	102.68
71.99	102.39
72.02	105.62
72.04	95.93
72.07	102.05
72.09	105.59
72.12	105.62
72.15	107.44
72.17	99.86
72.20	110.08
72.23	107.21
72.25	100.94
72.28	104.20
72.30	101.25
72.33	106.23
72.36	104.89
72.38	104.20
72.41	103.46
72.43	106.95
72.46	107.07
72.49	104.30
72.51	104.89
72.54	101.48
72.57	99.36
72.59	99.86
72.62	99.36
72.64	104.92
72.67	99.86
72.70	107.73
72.72	105.62
72.75	107.07
72.78	104.89
72.80	98.07
72.83	101.68
72.85	104.92
72.88	103.46
72.91	105.62
72.93	100.44
72.96	105.59
72.98	100.69
73.01	105.56
73.04	106.85
73.06	100.99
73.09	103.46
73.12	105.62
73.14	99.97
73.17	101.68
73.19	98.89
73.22	102.23
73.25	103.56
73.27	106.38
73.30	105.56
73.33	104.20
73.35	102.95
73.38	105.54
73.40	102.95
73.43	107.57
73.46	102.05
73.48	104.25
73.51	104.25
73.53	102.05
73.56	104.20
73.59	103.56
73.61	106.23
73.64	100.94
73.67	99.54
73.69	104.91
73.72	110.08
73.74	101.85
73.77	106.23
73.80	104.20
73.82	104.25
73.85	103.46
73.88	107.07
73.90	102.05
73.93	106.23
73.95	101.48
73.98	106.85
74.01	103.56
74.03	102.23
74.06	106.38
74.08	101.48
74.11	100.44
74.14	105.62
74.16	106.38
74.19	106.30
74.22	102.95
74.24	106.30
74.27	104.90
74.29	103.56
74.32	104.92
74.35	100.69
74.37	107.73
74.40	97.20
74.43	95.35
74.45	104.20
74.48	100.94
74.50	106.38
74.53	103.72
74.56	103.56
74.58	100.17
74.61	104.91
74.63	105.62
74.66	97.27
74.69	104.91
74.71	98.08
74.74	111.39
74.77	107.90
74.79	98.08
74.82	102.23
74.84	101.25
74.87	104.91
74.90	104.25
74.92	104.91
74.95	100.69
74.98	103.56
75.00	104.90
75.03	101.48
75.05	104.25
75.08	100.99
75.11	102.95
75.13	100.94
75.16	100.17
75.18	106.85
75.21	104.90
75.24	107.57
75.26	102.23
75.29	104.91
75.32	105.62
75.34	102.68
75.37	100.69
75.39	98.51
75.42	109.18
75.45	98.51
75.47	101.25
75.50	107.57
75.53	106.23
75.55	107.73
75.58	107.07
75.60	99.86
75.63	105.62
75.66	101.48
75.68	108.80
75.71	100.69
75.73	102.05
75.76	105.62
75.79	108.17
75.81	106.30
75.84	104.89
75.87	107.57
75.89	102.95
75.92	104.90
75.94	101.68
75.97	98.51
76.00	106.30
76.02	102.68
76.05	104.91
76.08	98.46
76.10	100.40
76.13	100.17
76.15	102.82
76.18	108.35
76.21	99.36
76.23	99.86
76.26	102.23
76.28	104.25
76.31	94.06
76.34	99.36
76.36	104.91
76.39	108.35
76.42	105.56
76.44	100.07
76.47	101.85
76.49	102.05
76.52	105.59
76.55	105.62
76.57	102.95
76.60	109.51
76.62	104.91
76.65	104.91
76.68	101.68
76.70	103.56
76.73	100.94
76.76	105.59
76.78	104.91
76.81	102.95
76.83	100.17
76.86	104.92
76.89	100.40
76.91	108.00
76.94	104.25
76.97	103.46
76.99	103.56
77.02	102.05
77.04	104.91
77.07	101.48
77.10	105.66
77.12	104.91
77.15	101.25
77.17	101.68
77.20	102.82
77.23	103.56
77.25	98.08
77.28	102.68
77.31	98.46
77.33	100.40
77.36	105.62
77.38	105.59
77.41	104.91
77.44	100.17
77.46	102.51
77.49	105.62
77.52	96.30
77.54	107.07
77.57	103.46
77.59	107.07
77.62	103.07
77.65	107.73
77.67	105.66
77.70	98.46
77.72	102.05
77.75	109.18
77.78	107.73
77.80	100.69
77.83	104.91
77.86	98.51
77.88	108.35
77.91	103.35
77.93	106.47
77.96	102.82
77.99	106.30
78.01	102.68
78.04	101.85
78.07	106.85
78.09	104.89
78.12	100.69
78.14	102.82
78.17	102.23
78.20	106.95
78.22	104.20
78.25	112.34
78.27	107.73
78.30	101.85
78.33	104.20
78.35	106.30
78.38	106.85
78.41	104.15
78.43	104.91
78.46	102.95
78.48	102.95
78.51	104.25
78.54	102.05
78.56	99.68
78.59	104.91
78.62	100.40
78.64	100.94
78.67	102.23
78.69	101.48
78.72	105.66
78.75	102.95
78.77	102.23
78.80	97.62
78.82	106.95
78.85	102.23
78.88	104.20
78.90	105.59
78.93	106.95
78.96	102.05
78.98	104.90
79.01	101.25
79.03	110.34
79.06	102.05
79.09	112.67
79.11	104.20
79.14	106.23
79.17	102.95
79.19	101.85
79.22	104.92
79.24	106.30
79.27	103.56
79.30	104.91
79.32	104.25
79.35	102.95
79.38	104.25
79.40	106.38
79.43	101.48
79.45	95.02
79.48	103.56
79.51	103.35
79.53	105.62
79.56	101.68
79.58	99.68
79.61	102.23
79.64	102.95
79.66	102.68
79.69	105.66
79.72	104.91
79.74	100.17
79.77	103.46
79.79	103.46
79.82	107.07
79.85	104.91
79.87	98.51
79.90	100.40
79.93	105.56
79.95	100.94
79.98	94.06
80.00	104.20
80.03	103.46
80.06	99.86
80.08	102.95
80.11	105.62
80.13	108.80
80.16	101.68
80.19	102.82
80.21	104.25
80.24	102.68
80.27	104.91
80.29	107.73
80.32	99.86
80.34	104.30
80.37	105.59
80.40	103.56
80.42	106.17
80.45	108.35
80.47	107.07
80.50	95.93
80.53	99.36
80.55	104.90
80.58	99.86
80.61	105.59
80.63	106.30
80.66	106.47
80.68	100.69
80.71	101.68
80.74	104.93
80.76	108.35
80.79	95.35
80.82	108.35
80.84	100.69
80.87	101.48
80.89	101.68
80.92	105.62
80.95	108.35
80.97	105.59
81.00	101.48
81.02	109.78
81.05	98.46
81.08	107.57
81.10	103.56
81.13	105.62
81.16	100.69
81.18	102.68
81.21	105.56
81.23	104.20
81.26	106.38
81.29	102.05
81.31	100.17
81.34	103.46
81.37	103.46
81.39	101.25
81.42	104.91
81.44	104.30
81.47	106.30
81.50	105.62
81.52	103.46
81.55	105.62
81.57	105.59
81.60	107.57
81.63	102.82
81.65	105.59
81.68	105.62
81.71	104.20
81.73	106.23
81.76	101.48
81.78	101.25
81.81	103.46
81.84	106.23
81.86	101.48
81.89	102.82
81.92	102.23
81.94	100.69
81.97	102.82
81.99	105.56
82.02	103.56
82.05	99.36
82.07	100.40
82.10	98.46
82.12	102.68
82.15	106.30
82.18	106.38
82.20	98.51
82.23	106.95
82.26	105.66
82.28	103.56
82.31	100.94
82.33	103.56
82.36	101.48
82.39	107.57
82.41	100.69
82.44	105.59
82.47	107.07
82.49	107.07
82.52	103.56
82.54	112.27
82.57	103.56
82.60	104.30
82.62	102.82
82.65	104.25
82.67	99.68
82.70	104.20
82.73	103.46
82.75	100.17
82.78	102.95
82.81	105.62
82.83	104.91
82.86	101.68
82.88	107.57
82.91	102.95
82.94	102.05
82.96	100.69
82.99	105.56
83.02	104.90
83.04	99.36
83.07	97.20
83.09	101.68
83.12	104.90
83.15	105.59
83.17	102.82
83.20	102.82
83.22	100.40
83.25	100.40
83.28	107.57
83.30	102.82
83.33	105.59
83.36	99.97
83.38	104.90
83.41	107.57
83.43	103.56
83.46	103.46
83.49	100.07
83.51	105.62
83.54	102.82
83.57	102.39
83.59	104.20
83.62	99.36
83.64	102.05
83.67	106.23
83.70	99.36
83.72	101.48
83.75	102.39
83.77	106.47
83.80	100.69
83.83	103.56
83.85	105.62
83.88	107.57
83.91	107.44
83.93	101.85
83.96	100.40
83.98	101.48
84.01	107.73
84.04	95.72
84.06	101.48
84.09	102.82
84.12	107.07
84.14	104.20
84.17	97.62
84.19	109.78
84.22	100.40
84.25	102.05
84.27	103.46
84.30	102.53
84.32	107.57
84.35	102.82
84.38	104.20
84.40	104.90
84.43	104.15
84.46	103.56
84.48	105.59
84.51	104.91
84.53	102.82
84.56	101.25
84.59	102.82
84.61	102.05
84.64	102.23
84.67	98.46
84.69	102.23
84.72	105.70
84.74	102.95
84.77	104.90
84.80	99.86
84.82	98.89
84.85	104.91
84.87	101.48
84.90	102.23
84.93	102.23
84.95	99.86
84.98	103.56
85.01	105.59
85.03	103.46
85.06	105.59
85.08	101.48
85.11	104.25
85.14	104.90
85.16	104.25
85.19	101.48
85.22	104.20
85.24	106.38
85.27	104.91
85.29	105.62
85.32	102.68
85.35	107.73
85.37	105.62
85.40	105.62
85.42	101.85
85.45	105.62
85.48	109.78
85.50	106.38
85.53	106.17
85.56	106.95
85.58	104.91
85.61	108.94
85.63	99.51
85.66	104.20
85.69	107.07
85.71	103.35
85.74	106.38
85.77	108.35
85.79	102.82
85.82	102.82
85.84	107.90
85.87	100.07
85.90	107.07
85.92	102.95
85.95	101.48
85.97	104.08
86.00	106.30
86.03	100.69
86.05	104.90
86.08	109.45
86.11	104.15
86.13	102.39
86.16	103.46
86.18	102.23
86.21	107.90
86.24	100.17
86.26	104.90
86.29	106.23
86.32	103.46
86.34	107.90
86.37	106.30
86.39	103.46
86.42	106.30
86.45	102.05
86.47	111.23
86.50	105.59
86.52	99.51
86.55	100.94
86.58	105.59
86.60	103.64
86.63	107.90
86.66	103.64
86.68	100.69
86.71	106.95
86.73	108.94
86.76	101.48
86.79	107.73
86.81	103.35
86.84	109.78
86.87	102.82
86.89	107.73
86.92	98.46
86.94	98.51
86.97	105.62
87.00	106.95
87.02	101.17
87.05	106.95
87.07	104.20
87.10	106.30
87.13	103.56
87.15	106.30
87.18	107.57
87.21	106.30
87.23	104.20
87.26	101.68
87.28	101.48
87.31	112.27
87.34	107.57
87.36	105.62
87.39	107.07
87.42	102.23
87.44	99.97
87.47	102.23
87.49	105.59
87.52	100.17
87.55	105.56
87.57	104.91
87.60	100.94
87.62	103.64
87.65	105.62
87.68	104.25
87.70	102.68
87.73	100.17
87.76	105.59
87.78	102.05
87.81	100.69
87.83	101.68
87.86	103.46
87.89	104.91
87.91	98.46
87.94	104.20
87.97	103.56
87.99	99.86
88.02	101.48
88.04	106.38
88.07	101.48
88.10	104.20
88.12	92.81
88.15	103.46
88.17	101.68
88.20	104.90
88.23	104.25
88.25	99.36
88.28	103.46
88.31	104.90
88.33	103.46
88.36	104.25
88.38	102.82
88.41	103.07
88.44	101.48
88.46	105.59
88.49	106.95
88.52	105.66
88.54	98.08
88.57	98.07
88.59	101.48
88.62	105.59
88.65	102.95
88.67	103.56
88.70	107.73
88.72	103.46
88.75	99.36
88.78	104.15
88.80	96.69
88.83	102.68
88.86	104.90
88.88	101.48
88.91	101.68
88.93	98.51
88.96	105.59
88.99	101.48
89.01	104.91
89.04	102.68
89.07	106.30
89.09	102.82
89.12	107.07
89.14	106.85
89.17	106.85
89.20	102.05
89.22	104.20
89.25	104.25
89.27	96.81
89.30	102.82
89.33	102.95
89.35	103.46
89.38	108.56
89.41	100.99
89.43	100.17
89.46	101.85
89.48	103.35
89.51	95.28
89.54	100.17
89.56	99.23
89.59	103.46
89.62	106.23
89.64	97.20
89.67	102.95
89.69	103.22
89.72	103.46
89.75	99.23
89.77	106.30
89.80	100.69
89.82	101.25
89.85	98.99
89.88	102.82
89.90	101.48
89.93	101.48
89.96	95.93
89.98	97.62
90.01	104.91
90.03	104.20
90.06	103.46
90.09	103.35
90.11	104.20
90.14	101.68
90.17	104.20
90.19	104.20
90.22	102.82
90.24	98.89
90.27	104.91
90.30	113.73
90.32	105.66
90.35	107.57
90.37	105.59
90.40	102.05
90.43	102.39
90.45	99.86
90.48	102.23
90.51	104.91
90.53	105.62
90.56	104.15
90.58	102.95
90.61	103.46
90.64	102.05
90.66	98.07
90.69	109.51
90.71	98.89
90.74	107.07
90.77	98.89
90.79	104.91
90.82	107.07
90.85	103.46
90.87	99.86
90.90	106.23
90.92	99.86
90.95	103.56
90.98	109.18
91.00	97.20
91.03	109.27
91.06	100.17
91.08	112.27
91.11	106.85
91.13	104.90
91.16	102.39
91.19	103.64
91.21	102.05
91.24	102.95
91.26	101.48
91.29	100.69
91.32	101.85
91.34	106.30
91.37	102.05
91.40	98.51
91.42	102.05
91.45	98.51
91.47	104.20
91.50	106.30
91.53	107.73
91.55	103.46
91.58	105.56
91.61	102.82
91.63	106.95
91.66	102.68
91.68	102.82
91.71	102.82
91.74	104.20
91.76	104.92
91.79	101.85
91.81	99.36
91.84	107.90
91.87	102.05
91.89	104.90
91.92	104.25
91.95	98.07
91.97	107.21
92.00	104.20
92.02	100.17
92.05	99.86
92.08	101.17
92.10	104.92
92.13	102.82
92.16	104.90
92.18	103.46
92.21	104.20
92.23	101.85
92.26	98.57
92.29	103.56
92.31	97.65
92.34	104.91
92.36	106.30
92.39	103.64
92.42	103.56
92.44	106.17
92.47	104.90
92.50	101.68
92.52	103.56
92.55	104.15
92.57	98.89
92.60	104.25
92.63	100.69
92.65	98.89
92.68	96.11
92.71	104.15
92.73	100.40
92.76	103.46
92.78	102.05
92.81	105.62
92.84	104.15
92.86	106.95
92.89	104.25
92.91	103.46
92.94	102.05
92.97	103.64
92.99	103.35
93.02	100.17
93.05	101.48
93.07	97.27
93.10	103.56
93.12	102.23
93.15	104.90
93.18	102.39
93.20	111.23
93.23	95.05
93.26	103.56
93.28	107.57
93.31	108.94
93.33	102.68
93.36	103.46
93.39	102.23
93.41	102.95
93.44	107.57
93.46	100.44
93.49	107.90
93.52	106.30
93.54	104.25
93.57	102.05
93.60	102.05
93.62	110.34
93.65	102.82
93.67	106.95
93.70	105.56
93.73	100.94
93.75	102.95
93.78	107.07
93.81	103.56
93.83	102.82
93.86	105.59
93.88	102.23
93.91	106.30
93.94	102.23
93.96	110.34
93.99	103.56
94.01	110.34
94.04	104.20
94.07	105.59
94.09	99.86
94.12	102.05
94.15	105.59
94.17	110.08
94.20	103.35
94.22	98.46
94.25	99.86
94.28	104.20
94.30	104.15
94.33	101.48
94.36	103.64
94.38	105.66
94.41	101.48
94.43	103.56
94.46	103.46
94.49	98.07
94.51	99.86
94.54	102.82
94.56	101.48
94.59	103.56
94.62	102.95
94.64	102.05
94.67	105.59
94.70	102.68
94.72	106.17
94.75	102.23
94.77	102.82
94.80	100.69
94.83	105.54
94.85	104.15
94.88	106.30
94.91	104.20
94.93	104.91
94.96	107.73
94.98	100.94
95.01	106.23
95.04	105.70
95.06	102.05
95.09	104.25
95.11	104.25
95.14	101.25
95.17	107.07
95.19	106.85
95.22	103.56
95.25	98.08
95.27	100.69
95.30	100.94
95.32	95.28
95.35	98.07
95.38	102.23
95.40	103.56
95.43	106.85
95.46	107.57
95.48	107.07
95.51	102.82
95.53	105.62
95.56	109.78
95.59	100.69
95.61	102.95
95.64	102.95
95.66	102.82
95.69	102.23
95.72	100.94
95.74	102.82
95.77	100.17
95.80	104.20
95.82	103.56
95.85	100.07
95.87	98.51
95.90	110.67
95.93	104.91
95.95	104.20
95.98	99.68
96.00	103.46
96.03	105.59
96.06	106.95
96.08	100.17
96.11	106.38
96.14	104.91
96.16	104.92
96.19	98.89
96.21	103.56
96.24	99.86
96.27	104.20
96.29	105.62
96.32	100.17
96.35	102.82
96.37	104.30
96.40	105.66
96.42	100.44
96.45	106.23
96.48	102.23
96.50	99.68
96.53	100.17
96.55	105.56
96.58	99.36
96.61	100.94
96.63	101.25
96.66	104.91
96.69	102.05
96.71	101.68
96.74	101.68
96.76	108.56
96.79	100.69
96.82	109.18
96.84	97.62
96.87	104.25
96.90	107.07
96.92	104.91
96.95	102.95
96.97	104.20
97.00	106.30
97.03	101.48
97.05	105.59
97.08	104.25
97.10	103.46
97.13	103.56
97.16	102.05
97.18	105.62
97.21	101.85
97.24	102.23
97.26	101.25
97.29	103.56
97.31	103.56
97.34	107.90
97.37	106.23
97.39	104.25
97.42	98.51
97.45	102.82
97.47	104.91
97.50	101.85
97.52	103.46
97.55	100.94
97.58	108.17
97.60	98.89
97.63	102.82
97.65	106.95
97.68	104.20
97.71	102.95
97.73	101.48
97.76	104.25
97.79	103.46
97.81	98.89
97.84	101.48
97.86	98.99
97.89	102.23
97.92	104.20
97.94	102.05
97.97	101.85
98.00	102.05
98.02	101.68
98.05	101.85
98.07	102.05
98.10	104.25
98.13	104.90
98.15	100.17
98.18	105.59
98.20	104.92
98.23	100.94
98.26	104.90
98.28	104.91
98.31	106.30
98.34	103.56
98.36	107.07
98.39	100.99
98.41	100.69
98.44	100.69
98.47	103.46
98.49	106.38
98.52	105.59
98.55	102.05
98.57	107.57
98.60	112.27
98.62	102.82
98.65	103.46
98.68	104.92
98.70	102.23
98.73	103.56
98.75	104.25
98.78	104.20
98.81	103.46
98.83	103.64
98.86	105.62
98.89	102.39
98.91	100.17
98.94	104.15
98.96	100.69
98.99	101.86
99.02	103.46
99.04	102.68
99.07	104.90
99.10	105.59
99.12	100.44
99.15	105.59
99.17	104.20
99.20	108.17
99.23	107.73
99.25	103.56
99.28	104.90
99.30	104.91
99.33	100.40
99.36	103.56
99.38	100.44
99.41	104.20
99.44	105.59
99.46	103.46
99.49	103.56
99.51	98.42
99.54	103.46
99.57	102.23
99.59	101.85
99.62	102.82
99.65	101.48
99.67	104.25
99.70	108.35
99.72	98.51
99.75	104.92
99.78	104.25
99.80	109.45
99.83	105.62
99.85	98.51
99.88	99.86
99.91	108.73
99.93	106.95
99.96	104.91
99.99	101.48
100.01	105.66
100.04	104.15
100.06	102.39
100.09	102.05
100.12	105.59
100.14	96.81
100.17	102.68
100.20	102.82
100.22	103.56
100.25	105.56
100.27	104.15
100.30	106.30
100.33	105.62
100.35	102.95
100.38	107.44
100.41	107.07
100.43	102.82
100.46	103.46
100.48	107.73
100.51	106.47
100.54	104.91
100.56	105.62
100.59	101.25
100.62	102.95
100.64	104.92
100.67	96.81
100.69	108.56
100.72	103.35
100.75	104.20
100.77	102.23
100.80	100.94
100.83	103.56
100.85	102.82
100.88	103.56
100.90	112.75
100.93	104.20
100.96	104.91
100.98	103.64
101.01	107.57
101.04	100.94
101.06	103.56
101.09	101.48
101.11	103.07
101.14	106.17
101.17	101.68
101.19	102.95
101.22	97.20
101.25	102.23
101.27	104.20
101.30	104.91
101.32	109.18
101.35	100.17
101.38	104.91
101.40	104.15
101.43	104.91
101.46	97.20
101.48	105.66
101.51	106.95
101.53	100.17
101.56	106.95
101.59	109.78
101.61	103.56
101.64	102.95
101.67	101.48
101.69	102.23
101.72	102.23
101.74	101.48
101.77	102.39
101.80	102.23
101.82	104.15
101.85	99.86
101.88	106.38
101.90	104.20
101.93	102.23
101.95	104.15
101.98	101.48
102.01	102.23
102.03	100.99
102.06	104.15
102.09	106.23
102.11	104.20
102.14	105.59
102.16	102.23
102.19	98.99
102.22	107.90
102.24	101.25
102.27	98.99
102.30	106.95
102.32	103.46
102.35	107.07
102.37	102.82
102.40	109.78
102.43	103.46
102.45	107.57
102.48	104.91
102.51	106.95
102.53	103.46
102.56	106.38
102.58	100.69
102.61	105.59
102.64	106.23
102.66	102.23
102.69	102.68
102.72	101.48
102.74	104.91
102.77	102.68
102.79	99.68
102.82	97.62
102.85	108.56
102.87	105.62
102.90	111.04
102.93	104.25
102.95	100.17
102.98	100.17
103.00	102.82
103.03	107.73
103.06	99.68
103.08	104.91
103.11	105.62
103.14	100.69
103.16	104.20
103.19	106.30
103.21	104.15
103.24	102.23
103.27	100.69
103.29	109.78
103.32	105.56
103.35	101.68
103.37	99.36
103.40	102.23
103.42	102.05
103.45	97.65
103.48	99.86
103.50	106.95
103.53	104.91
103.56	102.82
103.58	104.30
103.61	105.59
103.63	102.68
103.66	99.36
103.69	100.94
103.71	102.05
103.74	107.57
103.77	105.62
103.79	102.68
103.82	104.92
103.84	102.23
103.87	102.68
103.90	109.78
103.92	104.91
103.95	100.40
103.98	100.69
104.00	104.91
104.03	108.73
104.05	102.95
104.08	102.23
104.11	102.95
104.13	97.62
104.16	100.69
104.19	101.48
104.21	102.95
104.24	105.59
104.26	100.69
104.29	101.25
104.32	108.35
104.34	104.90
104.37	100.94
104.40	106.47
104.42	103.56
104.45	106.30
104.47	106.38
104.50	102.39
104.53	103.56
104.55	105.59
104.58	98.89
104.61	106.38
104.63	103.35
104.66	103.56
104.68	104.91
104.71	99.86
104.74	102.82
104.76	103.56
104.79	102.68
104.82	104.91
104.84	102.95
104.87	105.66
104.89	98.51
104.92	102.68
104.95	105.59
104.97	103.56
105.00	100.69
105.03	104.92
105.05	102.39
105.08	106.85
105.10	105.59
105.13	102.23
105.16	102.05
105.18	106.95
105.21	104.20
105.24	102.95
105.26	101.68
105.29	102.82
105.31	100.17
105.34	103.56
105.37	107.07
105.39	102.05
105.42	109.18
105.45	102.23
105.47	104.91
105.50	106.30
105.52	102.23
105.55	105.66
105.58	103.56
105.60	102.82
105.63	110.08
105.66	107.73
105.68	96.45
105.71	102.68
105.73	103.56
105.76	97.62
105.79	106.95
105.81	102.95
105.84	107.57
105.86	100.44
105.89	101.25
105.92	100.69
105.94	106.38
105.97	106.30
106.00	101.68
106.02	103.46
106.05	100.40
106.07	104.90
106.10	100.69
106.13	103.56
106.15	105.66
106.18	104.92
106.21	100.69
106.23	102.05
106.26	102.51
106.28	103.56
106.31	106.95
106.34	99.36
106.36	100.44
106.39	103.35
106.42	102.05
106.44	102.82
106.47	103.46
106.49	106.30
106.52	101.25
106.55	98.89
106.57	109.78
106.60	106.17
106.63	104.90
106.65	101.48
106.68	101.48
106.70	102.23
106.73	103.56
106.76	104.20
106.78	104.20
106.81	99.86
106.84	104.91
106.86	104.20
106.89	102.23
106.91	106.30
106.94	101.48
106.97	103.56
106.99	102.05
107.02	102.95
107.05	101.25
107.07	105.62
107.10	105.59
107.12	102.68
107.15	107.73
107.18	103.46
107.20	98.07
107.23	103.56
107.26	105.66
107.28	110.34
107.31	97.62
107.33	99.36
107.36	108.35
107.39	95.60
107.41	102.05
107.44	108.35
107.47	102.05
107.49	99.36
107.52	103.56
107.54	101.85
107.57	100.69
107.60	102.05
107.62	106.23
107.65	103.46
107.68	101.48
107.70	98.89
107.73	108.35
107.75	107.44
107.78	105.56
107.81	103.64
107.83	101.85
107.86	103.46
107.89	100.99
107.91	100.44
107.94	97.62
107.96	103.46
107.99	97.20
108.02	100.17
108.04	98.07
108.07	100.69
108.10	104.20
108.12	102.05
108.15	98.07
108.17	108.35
108.20	102.23
108.23	105.62
108.25	104.90
108.28	105.59
108.31	99.36
108.33	106.85
108.36	110.08
108.38	105.62
108.41	102.68
108.44	104.90
108.46	108.35
108.49	105.56
108.52	97.65
108.54	102.39
108.57	112.27
108.59	101.68
108.62	99.86
108.65	97.20
108.67	105.66
108.70	105.59
108.73	104.25
108.75	109.18
108.78	98.07
108.80	99.68
108.83	99.86
108.86	104.91
108.88	100.40
108.91	104.91
108.94	101.48
108.96	107.07
108.99	101.68
109.01	102.68
109.04	98.06
109.07	110.34
109.09	103.64
109.12	105.59
109.15	104.20
109.17	101.68
109.20	102.95
109.22	103.46
109.25	103.46
109.28	105.62
109.30	104.90
109.33	102.23
109.36	101.85
109.38	108.56
109.41	103.56
109.43	102.68
109.46	100.99
109.49	106.30
109.51	104.91
109.54	101.25
109.57	105.62
109.59	103.46
109.62	105.59
109.64	107.57
109.67	103.56
109.70	102.82
109.72	99.36
109.75	108.35
109.78	102.05
109.80	102.23
109.83	109.18
109.85	109.18
109.88	103.56
109.91	104.91
109.93	105.59
109.96	101.25
109.99	110.05
110.01	101.48
110.04	100.94
110.06	103.56
110.09	104.30
110.12	105.66
110.14	104.91
110.17	101.25
110.20	105.62
110.22	105.59
110.25	106.30
110.27	105.59
110.30	108.35
110.33	103.46
110.35	106.95
110.38	106.95
110.40	104.30
110.43	104.25
110.46	106.30
110.48	108.35
110.51	102.23
110.54	105.59
110.56	100.69
110.59	100.69
110.61	102.05
110.64	108.56
110.67	102.95
110.69	106.38
110.72	103.56
110.75	105.59
110.77	96.69
110.80	100.69
110.82	104.15
110.85	103.46
110.88	97.68
110.90	105.56
110.93	104.91
110.96	105.66
110.98	105.62
111.01	107.73
111.03	105.62
111.06	104.20
111.09	104.90
111.11	104.25
111.14	104.20
111.17	101.68
111.19	100.17
111.22	99.36
111.24	106.38
111.27	101.85
111.30	106.85
111.32	107.90
111.35	102.68
111.38	100.17
111.40	106.38
111.43	102.23
111.45	99.36
111.48	102.95
111.51	101.68
111.53	106.30
111.56	108.56
111.59	105.56
111.61	105.66
111.64	104.20
111.66	102.95
111.69	102.82
111.72	100.69
111.74	107.73
111.77	102.95
111.80	99.86
111.82	101.48
111.85	100.40
111.87	104.90
111.90	98.89
111.93	101.25
111.95	98.99
111.98	98.51
112.01	101.48
112.03	106.85
112.06	100.17
112.08	103.56
112.11	102.68
112.14	107.73
112.16	100.69
112.19	101.48
112.22	104.15
112.24	106.23
112.27	101.48
112.29	106.95
112.32	104.25
112.35	107.07
112.37	102.23
112.40	102.82
112.43	106.23
112.45	103.35
112.48	101.25
112.50	107.07
112.53	104.25
112.56	102.95
112.58	104.15
112.61	104.15
112.64	106.85
112.66	105.59
112.69	102.23
112.71	107.90
112.74	109.51
112.77	104.15
112.79	104.25
112.82	106.30
112.85	104.91
112.87	108.56
112.90	104.20
112.92	96.81
112.95	107.57
112.98	105.62
113.00	105.59
113.03	103.64
113.06	98.89
113.08	103.56
113.11	95.93
113.13	102.68
113.16	110.05
113.19	110.67
113.21	104.15
113.24	101.48
113.27	104.90
113.29	106.95
113.32	102.39
113.34	105.59
113.37	102.39
113.40	105.62
113.42	98.51
113.45	98.81
113.48	99.36
113.50	109.78
113.53	107.57
113.55	102.82
113.58	102.23
113.61	99.86
113.63	100.94
113.66	101.85
113.69	102.68
113.71	100.69
113.74	102.95
113.76	101.68
113.79	101.25
113.82	100.40
113.84	103.46
113.87	98.89
113.90	103.46
113.92	102.95
113.95	100.40
113.97	102.95
114.00	107.07
114.03	102.23
114.05	101.85
114.08	98.07
114.11	104.25
114.13	102.82
114.16	104.15
114.18	107.73
114.21	102.82
114.24	101.25
114.26	110.67
114.29	105.62
114.32	105.62
114.34	104.90
114.37	104.92
114.39	97.20
114.42	103.46
114.45	102.95
114.47	103.56
114.50	104.90
114.53	108.17
114.55	101.48
114.58	101.25
114.60	103.64
114.63	107.73
114.66	104.20
114.68	100.69
114.71	103.07
114.74	104.91
114.76	104.30
114.79	107.44
114.81	101.68
114.84	108.17
114.87	103.46
114.89	104.89
114.92	100.69
114.95	102.23
114.97	105.59
115.00	107.57
115.02	107.90
115.05	103.64
115.08	110.34
115.10	104.15
115.13	104.20
115.16	108.56
115.18	104.34
115.21	99.36
115.23	105.59
115.26	104.25
115.29	105.62
115.31	99.36
115.34	102.95
115.37	98.51
115.39	105.62
115.42	107.07
115.44	105.62
115.47	106.23
115.50	104.20
115.52	102.05
115.55	110.67
115.58	99.68
115.60	100.17
115.63	101.85
115.65	100.94
115.68	107.73
115.71	106.85
115.73	104.15
115.76	108.94
115.79	102.68
115.81	96.81
115.84	104.20
115.86	107.07
115.89	106.30
115.92	104.90
115.94	107.73
115.97	100.40
116.00	101.85
116.02	102.39
116.05	104.92
116.07	100.17
116.10	104.20
116.13	101.25
116.15	103.35
116.18	102.23
116.21	100.94
116.23	104.15
116.26	105.62
116.28	100.94
116.31	95.02
116.34	106.95
116.36	102.68
